#arr1884

   1   11111   11111  11 11 
  11  1111111 1111111 11 11 
 111  11   11 11   11 11 11 
1111  11   11 11   11 11 11 
  11  11   11 11   11 11 11 
  11  11   11 11   11 11 11 
  11  1111111 1111111 111111
  11   11111   11111  111111
  11  1111111 1111111    11 
  11  11   11 11   11    11 
  11  11   11 11   11    11 
  11  11   11 11   11    11 
  11  11   11 11   11    11 
  11  11   11 11   11    11 
 1111 1111111 1111111    11 
 1111  11111   11111     11 

#arr1965

   1   11111   11111  111111
  11  1111111 1111111 111111
 111  11   11 11   11 11    
1111  11   11 11      11    
  11  11   11 11      11    
  11  11   11 11      11    
  11  1111111 111111  11111 
  11  1111111 1111111  11111
  11   111111 1111111    111
  11       11 11   11     11
  11       11 11   11     11
  11       11 11   11     11
  11       11 11   11     11
  11  11   11 11   11 11  11
 1111 1111111 1111111 111111
 1111  11111   11111   1111 

#arr1984

   1   11111   11111  11 11 
  11  1111111 1111111 11 11 
 111  11   11 11   11 11 11 
1111  11   11 11   11 11 11 
  11  11   11 11   11 11 11 
  11  11   11 11   11 11 11 
  11  1111111 1111111 111111
  11  1111111  11111  111111
  11   111111 1111111    11 
  11       11 11   11    11 
  11       11 11   11    11 
  11       11 11   11    11 
  11       11 11   11    11 
  11  11   11 11   11    11 
 1111 1111111 1111111    11 
 1111  11111   11111     11 

#arr2018

 11111   1111     1   11111 
1111111 111111   11  1111111
11   11 11  11  111  11   11
     11 11  11 1111  11   11
     11 11  11   11  11   11
    11  11  11   11  11   11
    11  11  11   11  1111111
   11   11  11   11   11111 
   11   11  11   11  1111111
  11    11  11   11  11   11
  11    11  11   11  11   11
 11     11  11   11  11   11
 11     11  11   11  11   11
11      11  11   11  11   11
1111111 111111  1111 1111111
1111111  1111   1111  11111 

#arr2118

 111111     1     1   11111 
11111111   11    11  1111111
11    11  111   111  11   11
      11 1111  1111  11   11
      11   11    11  11   11
      11   11    11  11   11
      11   11    11  1111111
     11    11    11   11111 
    11     11    11  1111111
   11      11    11  11   11
  11       11    11  11   11
 11        11    11  11   11
11         11    11  11   11
11         11    11  11   11
11111111  1111  1111 1111111
11111111  1111  1111  11111 

#arr60er

 1111   1111                
111111 111111               
11  11 11  11               
11     11  11               
11     11  11               
11     11  11  11111  11 11 
11111  11  11 1111111 111111
111111 11  11 11   11 111 11
111111 11  11 11   11 11    
11  11 11  11 11   11 11    
11  11 11  11 1111111 11    
11  11 11  11 111111  11    
11  11 11  11 11      11    
11  11 11  11 11      11    
111111 111111 11111111111   
 1111   1111   11111 1111   

#arr70er

111111  1111                
111111 111111               
11  11 11  11               
    11 11  11               
    11 11  11               
   11  11  11  11111  11 11 
   11  11  11 1111111 111111
   11  11  11 11   11 111 11
  11   11  11 11   11 11    
  11   11  11 11   11 11    
  11   11  11 1111111 11    
  11   11  11 111111  11    
  11   11  11 11      11    
  11   11  11 11      11    
 1111  111111 11111111111   
 1111   1111   11111 1111   

#arr80er

 1111   1111                
111111 111111               
11  11 11  11               
11  11 11  11               
11  11 11  11               
11  11 11  11  11111  11 11 
111111 11  11 1111111 111111
 1111  11  11 11   11 111 11
111111 11  11 11   11 11    
11  11 11  11 11   11 11    
11  11 11  11 1111111 11    
11  11 11  11 111111  11    
11  11 11  11 11      11    
11  11 11  11 11      11    
111111 111111 11111111111   
 1111   1111   11111 1111   

#arrDisco

1111                                
11111                               
11  11                              
11   11  11                         
11   11  11                         
11   11                             
11   11  11   11111   11111   11111 
11   11 111  1111111 1111111 1111111
11   11  11  11      11      11   11
11   11  11  11      11      11   11
11   11  11   1111   11      11   11
11   11  11    1111  11      11   11
11   11  11       11 11      11   11
11  11   11       11 11      11   11
11111   1111 1111111 1111111 1111111
1111    1111  11111   11111   11111 

#arrDisco1

                        1111
                        1111
                        11  
                        11  
                        11  
                        11  
                        11  
                        11  
                        11  
                        11  
                        11  
                        11  
                        11  
                        11  
                        1111
                        1111

#arrDisco2

                    1111    
                    11111   
                    11  11  
                    11   11 
                    11   11 
                    11   11 
                    11   11 
                    11   11 
                    11   11 
                    11   11 
                    11   11 
                    11   11 
                    11   11 
                    11  11  
                    11111   
                    1111    

#arrDisco3

                1111        
                11111       
                11  11      
                11   11  11 
                11   11  11 
                11   11     
                11   11  11 
                11   11 111 
                11   11  11 
                11   11  11 
                11   11  11 
                11   11  11 
                11   11  11 
                11  11   11 
                11111   1111
                1111    1111

#arrDisco4

            1111            
            11111           
            11  11          
            11   11  11     
            11   11  11     
            11   11         
            11   11  11   11
            11   11 111  111
            11   11  11  11 
            11   11  11  11 
            11   11  11   11
            11   11  11    1
            11   11  11     
            11  11   11     
            11111   1111 111
            1111    1111  11

#arrDisco5

        1111                
        11111               
        11  11              
        11   11  11         
        11   11  11         
        11   11             
        11   11  11   11111 
        11   11 111  1111111
        11   11  11  11     
        11   11  11  11     
        11   11  11   1111  
        11   11  11    1111 
        11   11  11       11
        11  11   11       11
        11111   1111 1111111
        1111    1111  11111 

#arrDisco6

    1111                    
    11111                   
    11  11                  
    11   11  11             
    11   11  11             
    11   11                 
    11   11  11   11111   11
    11   11 111  1111111 111
    11   11  11  11      11 
    11   11  11  11      11 
    11   11  11   1111   11 
    11   11  11    1111  11 
    11   11  11       11 11 
    11  11   11       11 11 
    11111   1111 1111111 111
    1111    1111  11111   11

#arrDisco7

1111                        
11111                       
11  11                      
11   11  11                 
11   11  11                 
11   11                     
11   11  11   11111   11111 
11   11 111  1111111 1111111
11   11  11  11      11     
11   11  11  11      11     
11   11  11   1111   11     
11   11  11    1111  11     
11   11  11       11 11     
11  11   11       11 11     
11111   1111 1111111 1111111
1111    1111  11111   11111 

#arrDisco8

                            
1                           
11                          
 11  11                     
 11  11                     
 11                         
 11  11   11111   11111   11
 11 111  1111111 1111111 111
 11  11  11      11      11 
 11  11  11      11      11 
 11  11   1111   11      11 
 11  11    1111  11      11 
 11  11       11 11      11 
11   11       11 11      11 
1   1111 1111111 1111111 111
    1111  11111   11111   11

#arrDisco9

                            
                            
                            
 11                         
 11                         
                            
 11   11111   11111   11111 
111  1111111 1111111 1111111
 11  11      11      11   11
 11  11      11      11   11
 11   1111   11      11   11
 11    1111  11      11   11
 11       11 11      11   11
 11       11 11      11   11
1111 1111111 1111111 1111111
1111  11111   11111   11111 

#arrDisco10

                            
                            
                            
                            
                            
                            
  11111   11111   11111     
 1111111 1111111 1111111    
 11      11      11   11    
 11      11      11   11    
  1111   11      11   11    
   1111  11      11   11    
      11 11      11   11    
      11 11      11   11    
 1111111 1111111 1111111    
  11111   11111   11111     

#arrDisco11

                        1111
                        1111
                        11  
                        11  
                        11  
                        11  
111   11111   11111     11  
1111 1111111 1111111    11  
     11      11   11    11  
     11      11   11    11  
11   11      11   11    11  
111  11      11   11    11  
  11 11      11   11    11  
  11 11      11   11    11  
1111 1111111 1111111    1111
111   11111   11111     1111

#arrDisco12

                    1111    
                    11111   
                    11  11  
                    11   11 
                    11   11 
                    11   11 
  11111   11111     11   11 
 1111111 1111111    11   11 
 11      11   11    11   11 
 11      11   11    11   11 
 11      11   11    11   11 
 11      11   11    11   11 
 11      11   11    11   11 
 11      11   11    11  11  
 1111111 1111111    11111   
  11111   11111     1111    

#arrDisco13

                1111        
                11111       
                11  11      
                11   11  11 
                11   11  11 
                11   11     
111   11111     11   11  11 
1111 1111111    11   11 111 
     11   11    11   11  11 
     11   11    11   11  11 
     11   11    11   11  11 
     11   11    11   11  11 
     11   11    11   11  11 
     11   11    11  11   11 
1111 1111111    11111   1111
111   11111     1111    1111

#arrDisco14

            1111            
            11111           
            11  11          
            11   11  11     
            11   11  11     
            11   11         
  11111     11   11  11   11
 1111111    11   11 111  111
 11   11    11   11  11  11 
 11   11    11   11  11  11 
 11   11    11   11  11   11
 11   11    11   11  11    1
 11   11    11   11  11     
 11   11    11  11   11     
 1111111    11111   1111 111
  11111     1111    1111  11

#arrDisco15

        1111                
        11111               
        11  11              
        11   11  11         
        11   11  11         
        11   11             
111     11   11  11   11111 
1111    11   11 111  1111111
  11    11   11  11  11     
  11    11   11  11  11     
  11    11   11  11   1111  
  11    11   11  11    1111 
  11    11   11  11       11
  11    11  11   11       11
1111    11111   1111 1111111
111     1111    1111  11111 
